0.022845865258556777
0.025556757235681973
0.028347262665066087
0.0244807214389121
0.024670710394509177
0.02730604627719342
0.027448398323608077
0.029786983556157404
0.023822269067125104
0.024289828133454643
0.0203933495269612
0.024209451998532097
0.02667785605418577
0.025299437023321335
0.028982644477739673
0.02682587306968057
0.026089899625884275
0.021142357485673915
0.028307754640460175
0.02387269513233116
0.022714032171607654
0.029425395087264685
0.023343515736730294
0.022986391209083978
0.02813442652488513
0.029408977170337885
0.027728850780437426
0.029827706446687117
0.02822865059214553
0.027077729276077305
0.029886311672734076
0.02696046737018808
0.023536009450127543
0.02779220647459991
0.024024255226705517
0.024751732314853725
0.029587799492684863
0.027705349173462897
0.02927133533009228
0.022297884549878372
0.02147951505544753
0.026064881716765114
0.022473867761967234
0.023428875356873394
0.023881630050124465
0.027241246158216093
0.0236914316522919
0.029280760813814345
0.023661979756174435
0.02330129145484393
0.02714622893624527
0.025960948530714054
0.022884432695404015
0.029846857418750282
0.02519319557638025
0.024604972056957938
0.02926176519781857
0.0225229062556488
0.027569513819733084
0.023355531276833843
0.02937395666176139
0.028707590968034748
0.02767853175963461
0.02080949105288519
0.021155468325879726
0.02252303425954285
0.02291967065051824
0.0299001963963631
0.022478214229159757
0.02638111135449396
0.021850886983092104
0.023957065487422397
0.025002760648830148
0.021903834378210384
0.02866811787187563
0.024468983448349375
0.02102067311912438
0.023126582719582445
0.027945784636978034
0.029948380379601573
0.025935136375504944
0.020663309760693443
0.0293996142341101
0.026544270127887352
0.021012618040251865
0.02565122267451371
0.027688588474021
0.02596422549636237
0.027323098622696038
0.02376847322712269
0.026494131487307445
0.021139839187419428
0.026765966131782462
0.023776005821403864
0.0195124524530938
0.023325816210076136
0.026256516059633507
0.02723715531178198
0.024986116315576744
0.02585253454226861
0.021795944459309574
0.02274925321189604
0.027657981606755592
0.028909373939479968
0.029648232780130908
0.027008949811164557
0.02801266113994127
0.021494045774605654
0.024183653812412928
0.019359816335844895
0.026705701300103763
0.026798459535254216
0.02587186985552641
0.02237421615996472
0.024248120948065145
0.024055864869275495
0.029192556806894695
0.025918462010802657
0.025116361785714938
0.02431409669142163
0.025277443666436014
0.027951790215659383
0.02480422802474023
0.0275192969408548
0.027148006378439872
0.022611888376688864
0.02187734341434802
0.0263022158543659
0.02693378311076999
0.029897630784681346
0.029625682541697222
0.021695243068610974
0.022112920961971785
0.02217957020026207
0.02706489659256683
0.025159767284712226
0.02354899441972845
0.028749929502891944
0.02148628287842471
0.022428609253511846
0.02969221258217619
0.025237416454298847
0.027331105344906775
0.02536265874906783
0.02164417409184097
0.02572613364431846
0.027170111909349686
0.02634217110389174
0.02963271785589865
0.025342123768098787
0.0266650788274162
0.024933340910120703
0.019996754673248632
0.025204373511593305
0.02228032010665094
0.027740817673075156
0.024497497663924256
0.020121007474853
0.028313435536396304
0.02856902101783572
0.021603170893730195
0.029706509082465225
0.026049502423574934
0.026245917202777965
0.023873518362293865
0.026702585325230514
0.027108768601122105
0.025062430303008604
0.02073224606436306
0.022746283133444987
0.022716178154413392
0.022021168038158186
0.029253540563378776
0.02770203083299189
0.02428000500611514
0.02865160345260465
0.027247201529668377
0.022626025819908628
0.02154124913953418
0.02467290550846767
0.022666278893122956
0.023273684023571356
0.024623604453382398
0.02600336786853882
0.02990272168510482
0.026553727752056694
0.028832811469294405
0.025872915176853938
0.026406067750559026
0.028098509322992973
0.024381270569799704
0.024925745474146707
0.02908102398316949
0.02814318911916858
0.028274302670285172
0.02176834357272282
0.024726569229792803
0.02402195565243355
0.019586973910318307
0.02553223587542359
0.026983673621736818
0.02577742659572865
0.029995640309178517
0.029879328242569607
0.029339486060985628
0.02220939759815479
0.029224094194072806
0.021548474346386674
0.022941914342737558
0.029130144494337554
0.029026010856635042
0.028111621380278076
0.02469653164489537
0.025282552074736266
0.029104878192670425
0.027415632059464085
0.028795888972611455
0.027462091434666845
0.029414051085439555
0.025458295651937878
0.024231053176535223
0.029313333741628114
0.022150015282267482
0.027064284648345042
0.023477880966923794
0.02327746359835777
0.02340216304097395
0.028222415579604938
0.024222205680356115
0.02787236548414867
0.02649852167715018
0.022231130597466228
0.02232527336957408
0.02188588101539073
0.025215894015822776
0.025323552985771446
0.0254215305760783
0.024542717346363818
0.027259168102676798
0.024456922015528123
0.02748101662039659
0.027618180719779922
0.028951623067000797
0.021167253350608487
0.026036247031925037
0.02646670091416846
0.024932607756681383
0.024135700846593146
0.02236798753807736
0.023714153754311615
0.028580702539092406
0.025225998153594845
0.026563295201488767
0.02457104057964656
0.02577182060240993
0.027587034407275963
0.025672247537759856
0.027811051862904442
0.024107046826659956
0.026427918564110073
0.02435286390745954
0.021514146959207087
0.024866915916725362
0.026733280265195405
0.026088501512573904
0.02363584440148632
0.024730108384650524
0.025189538510503366
0.02604769221952409
0.019907534021327538
0.023083428185612563
0.0247325227264012
0.020997860664841328
0.025502688310110103
0.023292156741752442
0.026695284610807724
0.023930223655586887
0.0228080210855508
0.0256746057107259
0.02648355428258153
0.025598982389765036
0.02509406716508681
0.02013608413023041
0.020837624088718965
0.02740133141869153
0.022428762518240362
0.029702532568617674
0.02429342993381775
0.02313114958590186
0.02340549739525681
0.02464982916009273
0.02626276253962939
0.02615404740752937
0.024377949507089828
0.02049611210482606
0.025534935563786703
0.023014900239846474
0.02036751252220967
0.0251917351036358
0.02284949639325039
0.025185847277420743
0.025876851477384527
0.025678792885397924
0.02960058891319376
0.02800441969601093
0.027239912828469017
0.023524655660413583
0.026451460729233833
0.026078055989669932
0.02442457408489626
0.022312347516549494
0.026761471476760067
0.02182474939993803
0.024438266225125963
0.02509799482469157
0.028145093528965347
0.027496295099643214
0.022849525471719048
0.02163362638149361
0.023674580139582454
0.027906915005622923
0.02491896274606878
0.0231635471747523
0.023465619202851618
0.02962048025333733
0.020621337003757408
0.024536124113464824
0.02557223978623086
0.025082440776321793
0.026412655990906746
0.02169766356185324
0.023064816040990307
0.029199776211725103
0.02588991836136473
0.023833932012810807
0.02782761786744026
0.027318353196545613
0.024254458459741453
0.029500117694681523
0.022302531144327856
0.021790478430752765
0.02308758540739551
0.02048816186578097
0.02740418689839706
0.02163990322979211
0.028478465147630208
0.024332991630091977
0.028729944222934088
0.022720626852814955
0.02309626966871032
0.024569272497590507
0.025385225673658685
0.023484441650570096
0.02279163910040538
0.023288357398829597
0.027815437856080892
0.023366146239197024
0.022143760544045474
0.029303327952808985
0.021531864138380343
0.025079285692390235
0.022368623623700873
0.02044985315113127
0.024788633096768254
0.023062662806126056
0.02953562041423208
0.020756259262064317
0.024854469832541207
0.02927801850038059
0.028384874693614996
0.0226661211746501
0.018841743336540935
0.022010148369002586
0.02728573959249828
0.028239464899716654
0.022993387406609424
0.026529511061711135
0.025182552347067292
0.02973099692095265
0.024943017455597793
0.02741304146190615
0.026739510243545678
0.026008003441283845
0.0241026922519674
0.02328348898528797
0.024659168110737224
0.022778068209448405
0.026822904555444716
0.02166939037943023
0.026906335001081576
0.028603380544170574
0.027271651279871162
0.023831489432485812
0.022769094933977635
0.020764456210064872
0.02686939117886825
0.024810902524839452
0.023633556484978842
0.025795014360831807
0.024950652186746348
0.025491596266415693
0.029965830746909502
0.02055938411114197
0.024405745491867647
0.026100136323533984
0.024946451764952214
0.02538008503455033
0.025042879305580613
0.026794998385182223
0.023705879062140965
0.02839434178444739
0.022174692550735745
0.021175654379945497
0.029630605287303866
0.02127725916058958
0.02328392263349799
0.024054601673806596
0.024763613254435747
0.026995554639303886
0.026883299608477587
0.027162274705674325
0.024292526257481555
0.02373702577674869
0.022134612822848093
0.027281191275658784
0.025252954383868546
0.028522747270327532
0.02157251352826679
0.027749062441140566
0.02592634061788744
0.023371122556331017
0.026139837752394257
0.021386509803410624
0.021476535322777345
0.02576410801289231
0.020976654344709068
0.02742161471710279
0.025457227829124313
0.02087636051813506
0.028232822829657195
0.025573454244478433
0.024387070833415275
0.02717470139753233
0.02464031576354645
0.026535658859414574
0.023502046205438176
0.02297343425283425
0.022128270754668243
0.023687105879230015
0.025581970649284934
0.023106235298180077
0.021282049224150282
0.02341249164267366
0.025139721603921902
0.023588315365501263
0.024873924063801463
0.027800881728199202
0.02182214259044222
0.024366491852708335
0.02364394465950895
0.02540790626639051
0.024977022379333847
0.02032655875650987
0.02712551975709998
0.029622325589337167
0.026354365907101163
0.024932146805173888
0.0253563045583306
0.029389168912335922
0.022298013677545105
0.02634691571828627
0.029468309084817436
0.02120730946104808
0.026051333531732675
0.02306988254400657
0.022908553128255064
0.02658915259735363
0.022376610260585173
0.025308250229750886
0.021567316410026925
0.026071753045195448
0.026014144697682394
0.02760281628155771
0.02449414784268162
0.024501144741956277
0.025791538601955922
0.02259857374449685
0.026606816615070673
0.023052919224735208
0.02566748456235437
0.022616943643732325
0.023745453141647836
0.026114181770004404
0.025711713247256802
0.023091644527618
0.02540560899284569
0.022852593351231444
0.025086109693024973
0.026351639947546655
0.027113694937626498
0.02716766302949487
0.02658710252209941
0.027035587254725168
0.024242646078448452
0.022194398337226567
0.022310746494038157
0.021929753313259456
0.023900815564851907
0.02435496187838601
0.026334045385981896
0.02656310667107023
0.024647450895725943
0.019896415998500297
0.02810713476854716
0.021681484502036732
0.021181853797215964
0.02196564267851237
0.02429194261794389
0.02361733507316157
0.023631233062294924
0.02592100325170961
0.026035244484896677
0.024902155826007147
0.024090389511730197
0.02320098772889648
0.022953886271211473
0.02575369792625261
0.02361689417435716
0.02551874814454008
0.0234975445263643
0.026921714925420594
0.022569834241959085
0.02247050420730798
0.029226627218487584
0.022492177149280486
0.027936875180849866
0.026388260337565375
0.022638956765323338
0.024354517697943775
0.02745560397734671
0.029653370846022473
0.020456586711550647
0.02982283268626779
0.02891814006878175
0.026404902318369342
0.02639254721391285
0.022711688314626534
0.021085695240231378
0.023078695062689326
0.02424717869614647
0.024815396520434952
0.024873788321648885
0.027009839024433463
0.026405596656231718
0.02147359957176227
0.029193563373723922
0.02277320573359976
0.020402007148305167
0.022903521287374065
0.02242196576332099
0.02286465800380752
0.025946391432026608
0.02769613751121139
0.026663139944591657
0.021912823747420512
0.02368042684246124
0.0234248904547896
0.021125067141918186
0.023931166052928162
0.024419261883942802
0.022340106938376222
0.022750980704042342
0.023925505689023137
0.024278076693589053
0.025948911127233413
0.02202517780326288
0.025422395840596267
0.023748415175733943
0.025656050696523533
0.023715568592759674
0.023425270715160054
0.02574834632561405
0.024066253833681064
0.025591856919116585
0.022525416685556635
0.018786945051817563
0.023426937822304306
0.02336767643715803
0.021617738491807915
0.02324415586358783
0.022443144535945397
0.02573315807029257
0.02917776757872883
0.022990931992532167
0.0243775810232659
0.021193334291446576
0.022825849467141713
0.026545617007046683
0.024236536738529723
0.02616203521017013
0.02055794903437677
0.02016748123623928
0.020181661668902562
0.021432176542984235
0.024268333990963703
0.027509283722753092
0.024096143537047733
0.02182930199966381
0.026487740858715178
0.024524325503533406
0.02418236103362237
0.02702097951996579
0.025736694276546263
0.02242176686668687
0.025886955661157316
0.024000719732042926
0.0254326429695558
0.022895231306971766
0.023036720154927887
0.026345148333753964
0.02283886379210286
0.022217623231811492
0.02258410350884388
0.023424461778038728
0.025309356958752745
0.024151486538528673
0.0261758366424251
0.020436697655944344
0.022507459651348503
0.026448471466841494
0.020990174353618173
0.02160484649126241
0.025231133608595885
0.023264751966914146
0.020255125113897376
0.023732888972222966
0.022269391797250265
0.02288761379755963
0.02829691280753312
0.023956858556322614
0.025344021618709696
0.02423076315905432
0.023695236358086066
0.02109151967284303
0.019379479427393095
0.022689921398352585
0.024102501036252822
0.022363612306286636
0.023602670317234557
0.026650230914817753
0.02279191570723698
0.019941389281910336
0.02698896649438969
0.022985980800565492
0.023695369338073462
0.02403538499754148
0.023792815875165504
0.022140761890251083
0.02178214602542711
0.02168413139864405
0.02577003708540106
0.026220618423190033
0.022581662979452653
0.027626596940797655
0.021093139165246955
0.02191731614278964
0.02257342855403602
0.02488464386161861
0.02275724990689282
0.026477332071580824
0.02478379853607379
0.02010993944250929
0.020648559562757435
0.0266978119010381
0.021876519844032428
0.024979385672412188
0.024947931732872134
0.026278986319073584
0.02389107260211147
0.024386977183595292
0.024325758845618193
0.027548622557418394
0.022815935800423362
0.02459278122664788
0.024275233249591167
0.02528044128267739
0.021396372718064778
0.02064031526857473
0.022964891946622875
0.023924299184724548
0.026111426872958948
0.026578977522653622
0.023547214610409803
0.027288345856452366
0.022283229419897677
0.024921317190500045
0.02335992038195517
0.024615861650526795
0.028297100535707744
0.02173250425020107
0.027266518782384175
0.023193693576437593
0.02282071202269311
0.027046499148051288
0.022493394870352974
0.02510888687303468
0.02594091894188982
0.021065135557372328
0.02012027568459841
0.02215624830998275
0.02196393804810627
0.02662355404083305
0.024388548815031195
0.019272595389971104
0.025301189691676492
0.026689001886395728
0.02153882337436298
0.02603084721725294
0.02353828650494256
0.022359321233612096
0.024721286449727556
0.02702456888320118
0.025562980444789017
0.024072989373838966
0.022892254920052313
0.024545327603149023
0.02540470696085879
0.024087947966860507
0.02418159480889658
0.02365400847905437
0.02476020747449045
0.025699915043621555
0.023522494326789142
0.02172013551086796
0.020418813847794374
0.0248707614183873
0.02553736011257858
0.02322418347897206
0.024117391295355478
0.026020199754947133
0.023996616991892858
0.024117953324527958
0.025985052770947356
0.024994181051745393
0.020085999781095133
0.025010911607112662
0.02438182828000902
0.023413536800572503
0.02405353158106272
0.029138324501644615
0.020553690721000856
0.026888197510443107
0.021531263406840834
0.022302955634385814
0.022396752948630274
0.020812200131181874
0.023902968668214255
0.022499104255422706
0.024358763710484125
0.02449802341951576
0.021830923825400785
0.024144378332707037
0.021478094391238697
0.023096885122487563
0.02955379447091225
0.022218284569592628
0.023437024628746687
0.020753456684575785
0.021003107573411405
0.02573188759403886
0.024332978762678842
0.024187644782398703
0.025809457114407484
0.022198376873300004
0.027124228074877025
0.025587267122864923
0.02402870169843588
0.0251994178109113
0.024186779721409975
0.023825434124122483
0.02281917329173222
0.028277656298842206
0.023744442790361767
0.02309102890060226
0.021990639624963657
0.022606264825626065
0.026560407023714698
0.024123323866700214
0.02520546648271068
0.023240347649771374
0.02821392793098799
0.025186335662139882
0.02363057728419897
0.025465944755929053
0.02048335690765222
0.021683708748527906
0.023797322101223647
0.024476025195447403
0.023112384379181963
0.020054620524848098
0.02806318953341231
0.021709959332921098
0.023794985776902765
0.02892236234737048
0.019009161052719704
0.022804358917657575
0.02229959443542171
0.024390762044454305
0.027165748525953833
0.027779063099325225
0.02224817587681129
0.02132944011684687
0.022644564406223328
0.0242498834996614
0.022602284373820544
0.021070759041068397
0.022921251533452477
0.02604745970466786
0.023226064478123497
0.02647735350361723
0.024647813304712374
0.019991098367844386
0.028325581882374506
0.024578472509628916
0.022852931140624314
0.027947536802405026
0.024556311772290677
0.024186900190675632
0.021696936532974994
0.021528033120361213
0.022666837503967866
0.02205776465410221
0.02635012145432106
0.028964234614285333
0.024902032969614702
0.027940486863874393
0.026289073588519174
0.026301505542179155
0.02346300765123507
0.026721774345389956
0.0211115988350892
0.026093707647853015
0.02429374731883306
0.026041606464089654
0.02246185110107971
0.02200863197028248
0.0259164202941667
0.023861641306022065
0.02495486251924693
0.022687386693149424
0.02717343113233258
0.021015754802608835
0.022248628427047862
0.022282769246122856
0.023905197816093952
0.02273834820401056
0.02352553765689762
0.02073693274549043
0.028442850686436944
0.02311271260170092
0.027271144327265663
0.02453924626482278
0.02241561835771668
0.023870896416643084
0.026609400499273964
0.02333094494174346
0.02215546408079355
0.021891796706745077
0.025269987465342657
0.027739765390112234
0.02350546144365203
0.02477162222957223
0.026334294294724427
0.019659697883427297
0.023572576992318472
0.024251417679132085
0.023807367084019013
0.022906727470916346
0.02315662745662801
0.023461846604743316
0.02159400052986376
0.024657569574328537
0.023316692422872078
0.021970477566054053
0.021882240315551686
0.02626629274139058
0.026709641587315494
0.023060326523659892
0.02302510514630681
0.024748592212650734
0.02515337441596853
0.02346751575388806
0.019634564814742732
0.024751177443814568
0.024198593070089213
0.020652623401187457
0.023711618399404933
0.02300664550020032
0.024817102479464396
0.023144681410394403
0.022545055691281637
0.021819493819330144
0.020997926082482486
0.023952741846957865
0.02716107357928129
0.024204087619306366
0.024628592044713425
0.023921563065522688
0.026615297882819133
0.025533237737776052
0.020473125183600668
0.027104200588424374
0.02388210278095372
0.022096723605879998
0.02017515602632135
0.01929391729155454
0.02740763974107169
0.018594198320426854
0.025843996742399074
0.02288417797450385
0.023878897134792697
0.02614860574755421
0.02401807495036703
0.024488316587868927
0.024597474875484276
0.024781808662890224
0.026397964857376773
0.02060256931591625
0.02696310554300346
0.021290140196290566
0.02581156396152839
0.02479492273325315
0.022867068571974337
0.025829139444184416
0.022320066268800055
0.026854151641733923
0.02477229892308262
0.02102661191117174
0.024562770568330294
0.021017313156451337
0.024334656740750166
0.024543306882722535
0.02088551251844409
0.025488734024782033
0.021048788593456155
0.021498741042430373
0.025802071042464104
0.024464019024444075
0.021812858703098206
0.024457713017952087
0.022765717873746684
0.02161837449134953
0.02498857559870056
0.024250949021319593
0.026821858752674285
0.02412548934746994
0.0264819274577771
0.023490363542172613
0.023881938799257988
0.01925655011111504
0.02174741249587156
0.022873539625596923
0.023066509263680323
0.025061026791255325
0.024915839382270807
0.028626666430375005
0.02379261381141882
0.023576192505427074
0.024391334563803813
0.02415343241016335
0.023453493727357135
0.02097240011517244
0.029275846035565888
0.02480177159065168
0.026301734462499102
0.0195128538778172
0.025148084675474996
0.024236566297025197
0.025507219475185593
0.02782868843034861
0.02591847078108575
0.021786879165055336
0.024928675763795094
0.02016102499118678
0.02623467347730545
0.025283447497400826
0.026327539621074706
0.023245310213887538
0.026633696164116812
0.021379501502801122
0.02348202875798105
0.02536213084792927
0.021691147192262707
0.022807184742830895
0.025521699621728188
0.02562753220870829
0.02176838908084362
0.0251012603730004
0.022063656531107294
0.02567934076622019
0.02415780864901188
0.023631819927800453
0.021904458631782843
0.020230810957631178
0.024650218030128394
0.024346950557149857
0.023945527087523177
0.027604914851846005
0.01996241465888355
0.02435170277591259
0.022467413778717905
0.025180898601013118
0.024492015077443804
0.027148603328753188
0.025208027591993507
0.0231105278963163
0.02123881988744902
0.023249960858519363
0.025642623899854805
0.022997908091641865
0.024509035277280558
0.021741946805491717
0.02369553669842163
0.025492250935242038
0.02341983001053307
0.020375139891810123
0.022423509174428174
0.020438383360393452
0.021648080025916824
0.020815268375413903
0.023055288147446177
0.028855354126382852
0.020316764189055543
0.022764701971082678
0.02270655862743122
0.02283579501898505
0.023945790688215455
0.023551067070729705
0.024681826353436145
0.023709190419014294
0.021919280796207263
0.019901382089417937
0.022418582838951324
0.02176405857689644
0.024636439463027283
0.026409985075964846
0.02169922667038839
0.02516400139813708
0.02245726989948622
0.02337155437681698
0.024103867273703335
0.0260929972925556
0.02371110183789966
0.023195456905116884
0.023715506363589847
0.026117156819515586
0.025638699846920122
0.02543307236093365
0.02513493938670955
0.021196996571244197
0.022858074120340705
0.02725854166060318
0.022890681057796486
0.022357891973075222
0.023645150637311988
0.02622293934881407
0.025001442031069715
0.02544547943925781
0.02414551275168973
0.024225886352649776
0.024012644106358547
0.022401553243028838
0.020577903340770694
0.02590654114533984
0.024401279258711356
0.02212327901579671
0.026623832869556226
0.027064348240436624
0.021709650307751596
0.029110871462841907
0.02652122115928018
0.024954967873237664
0.02434486151516873
0.01966941784998324
0.02127305420131923
0.024090258542534708
0.028938120986921497
0.02623472975619715
0.027277860306941997
0.02181589339545755
0.02634725598512453
0.025616918581980716
0.025612591747030664
0.022717855658734173
0.02488097588051423
0.022617146653843543
0.025279923478764964
0.029086278998413647
0.027268329066149007
0.02187244071036303
0.02615495811444976
0.020354131183228416
0.022730422521317583
0.021177774186877055
0.02521805910702973
0.024466942884997244
0.024614352070140514
0.022988891920127177
0.02363865509295582
0.020372160554178443
0.022483366698533555
0.021616063578085917
0.02228966937930208
0.024109547444043943
0.027296671452823884
0.024399052556809266
0.024152744436900356
0.026720912166508088
0.025997591772342062
0.022943105871677097
0.02492498487658997
0.02481230624957521
0.021762247146731976
0.023455468842058562
0.022287024981156943
0.019393115846210788
0.02270402219767282
0.026997018366040994
0.02341991361412868
0.023734012610315002
0.024480045284907295
0.02641311122865331
0.026037806058783367
0.02351425201845795
0.02250382143201343
0.021704473571316933
0.02714109398715356
0.024693096958331436
0.025192264370067476
0.024012954714372106
0.02403715294664134
0.024689170186370117
0.02449224714697135
0.018951060317280267
0.02216743219136479
0.023546967593495522
0.02096367964943399
0.023875362482201002
0.021508935247965013
0.026937862315421838
0.021197285833394988
0.023676227089715694
0.023720114680903806
0.02279206147051981
0.02272230797235166
0.025194626079594343
0.02076606125639211
0.022148751146107815
0.01890344310306162
0.02287408564839669
0.019132965846239795
0.02485454150104014
0.019277180659974604
0.022100133397679737
0.02474922541850425
0.025140120603920613
0.023386169894104022
0.02586231547914053
0.027191311575791865
0.02428195454112181
0.025887516906573305
0.02219620770897517
0.026154500590047668
0.02338999063272213
0.023586156270272225
0.021344598605435514
0.02462648918982581
0.0249135633443432
0.0262019617745864
0.024465328305791435
0.021342528896672187
0.02278124328173446
0.024639375927699225
0.02362114936118986
0.02514614501361072
0.02185926182563731
0.023598843645598992
0.022327885376807126
0.023996915277532175
0.02574525511524652
0.024050062066004175
0.02353431649717603
0.02285303225804011
0.025976837324792522
0.022634150522873965
0.023195722888545555
0.021514433945980013
0.023697287015535685
0.025733185925199617
0.02251171040533256
0.025345580970047018
0.02295954591140384
0.020872484861418242
0.02152074295355567
0.025587648071532323
0.021064174680294007
0.024908764106427443
0.020964508664199393
0.021695852983579678
0.02571501723594325
0.024641523944439796
0.024626439379008134
0.02546319705621984
0.021392014434833944
0.02416444699190292
0.025390936069451052
0.021978593610682055
0.021214801569863245
0.02349281246946742
0.026120547404094748
0.02202851866210293
0.023668274126808244
0.028316454944192417
0.02739847091469928
0.02349040399047627
0.024970439050550533
0.021796341118927788
0.024894289094884697
0.024646468428814378
0.022542810898570634
0.02408539858179385
0.024566495416055358
0.027712357677734514
0.0209431154528814
0.022474337891097974
0.022857042835754196
0.02218156092715132
0.021998034999386705
0.02311550294363225
0.023205531871603756
0.02441425998896053
0.020030768239163804
0.023897127534734493
0.024534097328399326
0.022272776687087808
0.02462705426955796
0.025763135281871977
0.024556050052830146
0.02233506090328178
0.027797322181979986
0.023078803214941875
0.022336678895512278
0.028238545955822324
0.022990456618486713
0.02524258701358487
0.022932054799366382
0.026500526468906712
0.02625247290272392
0.023241689160261453
0.026202239856679264
0.022648184175345788
0.02610864528872151
0.022869375485726144
0.02028262703475589
0.02388759928142949
0.027082665173135023
0.021489845655579792
0.02237016977876089
0.02716247219282557
0.021704158179535023
0.021450654242470862
0.026769329737310832
0.0224164385069778
0.02401918743269706
0.02358340031212145
0.021614964394492005
0.023733727656757922
0.022231960865149974
0.022744227008477738
0.021645221581851577
0.02504013754276763
0.021333120784874003
0.027091414101712896
0.023545007180503785
0.02344321275512212
0.024503978911872903
0.023861803314421285
0.02286078151548957
0.026962758708498777
0.02207813534354643
0.02471971283719156
0.02349910626423179
0.02040039848696541
0.02381750696800508
0.023488231279038638
0.024536807356782146
0.01997508151604809
0.024045470956447167
0.02249870435284676
0.025206106704338822
0.024037947162818013
0.02758742595659349
0.02671675825739702
0.02326574658564363
0.022254009186996743
0.021628272900088685
0.026267725463992236
0.025065001015377657
0.022530376049410973
0.02324349437982913
0.02098004013358266
0.024448549600534632
0.021685382253250958
0.02258781962020294
0.02386544165539103
0.02674453700653729
0.02286893579786022
0.02605179933815774
0.02611670013457563
0.021493280602044043
0.024635385139945624
0.02566521251314388
0.022630791854919632
0.023554191798977914
0.025000796008771455
0.02529071616294414
0.02044144594627382
0.019901429159510632
0.023618241499726276
0.023195937020544215
0.024795335175345358
0.02424377051027872
0.02955237255693106
0.025768919108851204
0.025154095069424957
0.02339710126379346
0.025492730884041585
0.023573726105658797
0.024126742665505595
0.02093255687624959
0.021801766078704935
0.023366249341729615
0.02220759881668046
0.027451186841330272
0.021915715797383974
0.025303569197346935
0.023250368648669886
0.022305199390948056
0.02416161533408214
0.022632371168195716
0.022508933643872776
0.02471614566179403
0.026409745144509535
0.021635322564702252
0.022845767580834942
0.022424369605194023
0.026722114868438757
0.021721273170742947
0.024630854335887627
0.024675635117417404
0.026769489044003062
0.024827150328785283
0.024333083611343894
0.028147550289794262
0.025775615099727308
0.02363040566425347
0.020983265970833477
0.024283129438610836
0.020177699423363532
0.02136607838030404
0.02238488181231647
0.029401861164605556
0.021119706227485335
0.02302130540419752
0.021916278924759097
0.025061579982500713
0.025464366414060708
0.02817064835726214
0.02385590816720023
0.01824431989179373
0.023628991344081442
0.027863013359466716
0.02215599312801822
0.021228879508597264
0.02400014276121417
0.025854966339767835
0.02751415636078339
0.02150670269170932
0.022204130175230534
0.02521359822599508
0.022400810103798626
0.01867793963006251
0.02462334100955725
0.023588559972989375
0.020901448082058408
0.021813070580717
0.02540168173795541
0.026500540341011184
0.021945733105936626
0.024270744254466146
0.02315364503365547
0.019673067981840067
0.022215827508950826
0.024536592669626156
0.0247188938983562
0.022156433969476627
0.024533413453680555
0.02353402261014665
0.01894618738145473
0.027235697791622927
0.02124150133529912
0.022186583554153122
0.020410600847156977
0.02532843176851198
0.02194900552872371
0.024682560803930043
0.027756266748359328
0.02204085231774013
0.020195329729426156
0.025257771128526722
0.02435790055535847
0.02300816455565483
0.02512672843912633
0.02786733357951116
0.023171901866704134
0.02294084001469779
0.023961422193931266
0.023634722877906328
0.022305873191237932
0.023450484969951904
0.025118709796175684
0.027201256603825753
0.02205739439180917
0.025237081936770482
0.025771543872313618
0.023249715553000844
0.023068997175711866
0.026732479277161877
0.02586939279733463
0.023400710342834974
0.022246539574945517
0.027046733665853376
0.02045806799809817
0.019959880207941944
0.022835059461840487
0.02538350637139216
0.024756897086758614
0.022286575926202916
0.02352746700461563
0.024539665110257326
0.02025579288315861
0.02508132252272027
0.027349635532358595
0.021920067824484586
0.018999984810040397
0.020982842194163746
0.025141515930275946
0.02617553794897644
0.020099102238907887
0.026391869441660352
0.026160537195230794
0.02053638905405657
0.019593491476232735
0.0219072186103811
0.021424910488484494
0.024739712554670355
0.026421118239255123
0.022255536991006224
0.022723013240182374
0.027594213851185677
0.024787919323364042
0.023150946048311184
0.021868888748831476
0.022575986768639495
0.024622882898179238
0.025654362084599088
0.027876074661990987
0.02208323973571648
0.02256510755616383
0.0262607130223335
0.027298496030500292
0.02171685955587295
0.02501916229969013
0.022310501051698135
0.023001092518586255
0.02276451466733663
0.02959019131313182
0.021894926145687225
0.02456961869236268
0.02655273559577473
0.02023543724528254
0.02267688621846491
0.026611154665774052
0.02361656288740434
0.021345864219285447
0.022844288521266153
0.026326141162858252
0.026862212447159407
0.022932945427625397
0.021848078851301574
0.021347206700100405
0.02181006736807142
0.02564152477471591
0.02326022341950437
0.019551647042157422
0.022028536133790556
0.022096716406766106
0.020755483713233106
0.024488235145291005
0.02141501708501988
0.023000159143489535
0.02509945616446028
0.023350591534403966
0.02220032248357791
0.023284148010894706
0.026737312321222232
0.02881674265224775
0.02600084833107595
0.024144520928786783
0.024875387583600923
0.02531387828733582
0.022401832213524032
0.024935465033767323
0.025707026567824313
0.02166603562394189
0.020992079301790034
0.025380566958039218
0.019126431400579735
0.024556181150461133
0.02474950420462705
0.022461381034368736
0.024405778371249177
0.024229685595325668
0.02515304797601847
0.028837789203275226
0.027214508953642202
0.02619453611101573
0.022937484006442924
0.024703706568875713
0.0236624406388836
0.023137282062575357
0.02770426709603154
0.023070539997569126
0.02141967834246071
0.02146400581814328
0.023230649933514383
0.024091839896817024
0.020732655512029633
0.026422347053195155
0.02166238732279195
0.024397891978930802
0.022074331055029685
0.022543409787347618
0.024813445488122365
0.02594866770076719
0.023233846966683912
0.02825638066778518
0.025076652479110697
0.021083367467296204
0.026346880565334393
0.02424502362713357
0.025161436696412007
0.026484928918932626
0.022375502715093348
0.02187536867627414
0.02674669560347655
0.02062105833524318
0.025376269193354152
0.027283712515541684
0.020974594620935857
0.023196924301632747
0.025906475815414595
0.022494387483454722
0.023390580267032942
0.02209499347940899
0.023948463307015704
0.02213984611383565
0.029342335089600824
0.022046528173138215
0.02813255496084578
0.026860365231302058
0.02274755990663595
0.023027254330215654
0.023651775425235375
0.02719913715328325
0.02314279678389314
0.02873011704417161
0.02113178098854832
0.024548693162250713
0.025523889842163968
0.026571503214437815
0.02381169350600511
0.025082722053011555
0.023179525985577407
0.02176222687390204
0.0236275907136054
0.023649087129440593
0.024712575070459163
0.025172930929801007
0.024509018975466267
0.020428426925319775
0.02737397972566256
0.021625734715058572
0.02475967241826443
0.026966863226228453
0.02071287078541352
0.0225710199124185
0.023191772435197704
0.02287431664573428
0.02478926888115815
0.028717255033925856
0.022917391814581457
0.025053364726601655
0.024197142127602028
0.026522029438451458
0.02306370613502624
0.025165786882587606
0.023787523158235385
0.023025088298350246
0.02269211360724645
0.02344912018242541
0.022600380280587237
0.022051634176208364
0.022686104347876927
0.021585234559172734
0.02394319969595049
0.027688650670660606
0.019458513209199602
0.021717180449368184
0.02617452633977993
0.024677644577134183
0.024635708626866752
0.024656957341986332
0.025593644656501286
0.024442719349476803
0.026186533409186672
0.022675037548689252
0.026275623717350514
0.02221632581876119
0.024144864974910106
0.026280800454324255
0.02303152600868503
0.01932348815366392
0.02889205177118503
0.02466091401554921
0.02411965710333145
0.023384764469317042
0.025157231319757122
0.024538621956747064
0.025328649933733783
0.025673363606897027
0.0230057908821774
0.02268733104415762
0.024295726837127222
0.024227020396724187
0.020908396543375507
0.025445835573125093
0.02169782425010361
0.020979559967239093
0.023933486998874414
0.02521248047167264
0.0217611376565537
0.023111799011881637
0.024834709882601825
0.02533495409796362
0.020493329116284268
0.022033247198211408
0.025341490123664257
0.024541533382726716
0.020647903185673434
0.024786139254233248
0.023368975792466398
0.025513423039405656
0.0238301663265444
0.02772709943734243
0.021680797101526265
0.022684423491630235
0.022090581045977734
0.02294081812644773
0.024912573569937216
0.023519813570474342
0.022697775382796236
0.023985114272816577
0.02367633539647193
0.025682913324991286
0.022434105038100886
0.02734339537078222
0.023924666285703965
0.021569777503405073
0.02452918485951464
0.0236883634827205
0.018708801925535305
0.021730240248469358
0.024012770220743454
0.028612456618399104
0.020394935841821945
0.024060994536205235
0.024282464932019254
0.02718113444348111
0.02193078544637092
0.023749465293175436
0.023001790286401216
0.024845224764713084
0.021814176543806428
0.024238616173182074
0.02348390048736548
0.024004182701939384
0.02535354564563333
0.019501967540389742
0.027193138457223154
0.019923282090909596
0.026607289095030868
0.022706270731727308
0.020480134731179454
0.020969718198225355
0.02970882102394498
0.024004717666103455
0.023572598106128842
0.02173989067320573
0.025152433506594338
0.024972738200795326
0.02281494069641977
0.02280744389813175
0.024524579542372547
0.021923060876300735
0.022620332019372188
0.02261707854933873
0.027145887413500436
0.02384074206688607
0.021256194234220222
0.019831188110389017
0.027184270767717886
0.027293690444142777
0.024045522061117163
0.02253867162698897
0.0264624985143908
0.026033085321107645
0.02226659180639194
0.023061586374416788
0.022463063223396293
0.0198582226234306
0.028038821536323026
0.020448818701795376
0.025701091546163717
0.02186780380460512
0.023399892349944978
0.02352396526675009
0.021277610564074005
0.02348521226891997
0.025041843425071004
0.028148008781629374
0.023785009253766497
0.02931806230117535
0.02211694248716624
0.02424170574047656
0.02334300580224929
0.02335115548742068
0.023992829000358082
0.02339230014556937
0.02645878687976001
0.02081601675484495
0.02438613508100932
0.02517801311903472
0.024321170979976527
0.02261008809365783
0.026755150286546715
0.02235886677670754
0.028542584325174078
0.023736933890997777
0.02344961848562418
0.026191457710556768
0.020643729275357053
0.028789543287460518
0.028188763191464433
0.023112754047017327
0.02648319041771098
0.019954893969569152
0.02347479348055519
0.025204969499251235
0.024188997312428337
0.026089435206122377
0.021878816358229223
0.024812420092992764
0.023554375219357035
0.021486009816096937
0.024533325749128553
0.023035963036738077
0.023304944909284954
0.020643182429715617
0.023431660315355665
0.024444748867339067
0.02196460580508848
0.023784355778443057
0.024073771211557692
0.024075085944741476
0.025516244254636472
0.023939063675498425
0.025249943322266644
0.02409514533846834
0.020118411568209225
0.023196338275452942
0.025043822085641182
0.02270587207713031
0.02176926204605442
0.02475332987432778
0.024833167818144444
0.02310553050829646
0.023901726304313264
0.024685568601513577
0.0236123715453032
0.0205592858317394
0.02262434129259415
0.026405756850650452
0.02377431211711835
0.023054560384217472
0.02146416317958247
0.026423150522846425
0.022066544508692356
0.02686971675388584
0.025106096126130573
0.024346799755496123
0.024779847242107876
0.027034437659681543
0.029506492886458954
0.023406408476665943
0.025173591439920453
0.023855941048130904
0.022876586839695956
0.024496603711937383
0.02629890333025894
0.024743072622990327
0.022608686852873854
0.024059637362441558
0.025960255444250444
0.022452744081851862
0.022058024286394737
0.02353579489503952
0.02028624434096443
0.020385242465403994
0.02485778310225793
0.025365374492300048
0.02540083472250161
0.028390535799668656
0.02368432811903599
0.02383550404036336
0.020821832905596634
0.025366902166860147
0.021325303367054342
0.02373531724523195
0.026873205013052095
0.022892017515707668
0.02279547343096199
0.022900555731968888
0.021735343708728934
0.025164347920569208
0.02396101249188465
0.023401225480094604
0.023439967741700717
0.023938568128259726
0.02410993422925508
0.022110721812631514
0.02615899185450281
0.024961503107949673
0.022856416890082602
0.02329989867734119
0.021924439824607157
0.026366833433890912
0.023824580423588152
0.021963368973158107
0.02184668667915834
0.02335987925565103
0.02320130564605592
0.022788329523112542
0.02327809692609327
0.02165666986292184
0.02331266251002565
0.023484546680625395
0.023708302638404358
0.0214846360572174
0.027590191010790698
0.021119597256546652
0.01957942551535438
0.025542215709382282
0.02396717838411409
0.021494226390509866
0.025486558503201064
0.01970737773335496
0.024707226515115272
0.02316382996107893
0.021560979761756596
0.026827108575668522
0.022370851377634202
0.027661337607685826
0.02064019748660861
0.019868556826529504
0.02678880511021168
0.022979045908802682
0.02489504945876098
0.02344048502198216
0.018442297144735834
0.023845100585195064
0.025643141488481666
0.027226551602597744
0.01966969940104109
0.02413378365620854
0.01914862849772819
0.02663017350912351
0.023948255678922923
0.027062847449518493
0.023930694218563562
0.025284031977569232
0.029224769655978148
0.022688502156529764
0.02263207019853046
0.023361272491751996
0.02293158968345973
0.024272817432253936
0.019268975376637413
0.022142175745179623
0.025443485185061822
0.022311647398777876
0.02542986274562739
0.02560789214825096
0.025224326307387662
0.023030749035411812
0.023436013494359958
0.02570374616104773
0.026787605516513976
0.028620324969367204
0.02706598163862465
0.02403253359792322
0.026950311836874147
0.024620375362667327
0.025037498781776857
0.020572242181049957
0.024877039859933628
0.023717158126227225
0.023527722558507037
0.023775923113756082
0.026906624955140675
0.02369951699914294
0.023009148527003784
0.02230963582042941
0.027168557767296167
0.023169375456269004
0.025898502049183664
0.02200272914212094
0.028491258632885264
0.027097223700755485
0.020997581255000765
0.023075421643402528
0.017721756353274047
0.025864932946174993
0.024527520011792897
0.020267483225714887
0.02423194994061054
0.02550644248529716
0.02170515002506071
0.026581103725936153
0.026763823024110896
0.022135437657383045
0.02576904894426421
0.023068638161095074
0.023079321070423812
0.02278890663295144
0.022032307203285927
0.02655337793710272
0.02223921008515807
0.023831286424541066
0.02303980407180178
0.024440939788488922
0.02087609989877126
0.02112606942189085
0.02183031434348714
0.021637218169536232
0.018850885123557305
0.024622530667690823
0.0248881639182262
0.024629233279632623
0.02054229881774748
0.021180670658596207
0.023549911001386464
0.02326850322041875
0.020067533482939617
0.025143033663834916
0.023317112160547552
0.02525826972408137
0.022786295057715428
0.021598990882882772
0.02613534092112886
0.02406930946454282
0.026826749191252122
0.026301984123424202
0.02722261633484169
0.023296708862147904
0.024917903600807385
0.025913506972457392
0.023131778809777553
0.021704858245864603
0.023728327009172167
0.02250877897184506
0.023581972603241484
0.022463155584172383
0.025166018012967927
0.025903424024186442
0.025441049288296966
0.025310142494168582
0.02308482601785109
0.024481476111029132
0.024319351555135788
0.027156671498672975
0.021535080633717337
0.022038203093762386
0.025623602931804747
0.024093754694137423
0.028272798803182092
0.02434618820068335
0.022904968547145854
0.022811908118596933
0.026642496180795953
0.025714729749490104
0.023617515664646337
0.02573452827268136
0.024604829877989735
0.022353056979149025
0.02231049927002322
0.026002510385065517
0.020642987019584856
0.02611163053095832
0.026055011480320644
0.023509501005875188
0.023248865400182023
0.02434537390905449
0.025158783243229902
0.025796506008486333
0.021212536643288354
0.02616784512116634
0.02345709009203069
0.023133501756433684
0.022821353074136966
0.027520075907204945
0.025766100715273178
0.024897449578741234
0.02679031101029895
0.02160714398063891
0.025850162931991102
0.02440789800077091
0.0244529479845155
0.026431748170956792
0.026930189999920803
0.023367627295048644
0.02473044074221596
0.023883322375045358
0.025435141014684793
0.02038186430936332
0.02190699780757738
0.0213571494093801
0.021858349026766102
0.022599284732917186
0.020730567505387806
0.02330087484899042
0.025644948432124184
0.02162209150937214
0.027104192041606905
0.024832268717780076
0.024532587516492503
0.029181534185093554
0.022761180573826555
0.025800794687161437
0.02445424618072653
0.02235178916039108
0.023911117430872326
0.024207559999390598
0.023416276483636395
0.025513555930954945
0.02792409580689767
0.019972995723251764
0.021315733641433247
0.02485574221835646
0.021091033746064993
0.019047234117156527
0.02633264627351685
0.024948423321915207
0.02255237731655948
0.022571772544914673
0.02436587479847279
0.023251312766460433
0.02946637855667148
0.024177509975448798
0.02293178381069695
0.021278833774910768
0.021137472183597267
0.026034411506050605
0.029352630161501893
0.020196434183004746
0.024448648658801808
0.023049922057906333
0.023624890051049355
0.024985583387714564
0.025455207715280356
0.022197786022384102
0.022639302167248774
0.02411420346081134
0.024442911203432914
0.02540911007151982
0.020279502487048823
0.023787139268469024
0.026587796628923712
0.023940878117527348
0.026202632598880327
0.024653473115519412
0.022030610403037932
0.022797301913973875
0.0249603340368419
0.022702206002329493
0.02374964902099724
0.02054893874682147
0.0228105510161425
0.025796853653520024
0.02551274944890679
0.028176979191707963
0.020670276258045232
0.024967487032037498
0.02246525451913609
0.023547483897867174
0.022743349841595914
0.019715647020076006
0.026213174991638014
0.02509766058187945
0.02791798610186058
0.023445240691370793
0.023039655108672678
0.025261963152755154
0.02210976738154649
0.01912034901874945
0.027266308647452466
0.025378390698213196
0.023961452570320212
0.019691342630728005
0.018785303090706765
0.02642896094207287
0.02136782738034569
0.025782070864222316
0.023251367996104798
0.02017171321254565
0.019726610455807297
0.024928504984320546
0.023637158707199516
0.022773345259163736
0.027145416291938805
0.022631383900384428
0.026987208621921326
0.02437985243364358
0.02060869552639917
0.02517043419941216
0.02484928912787253
0.02257836878444061
0.02103274634938788
0.023087809439969777
0.02715286381425743
0.02141593097190905
0.023824111998179957
0.02626347400384624
0.020453562435339787
0.019337504835506173
0.023665575808509587
0.01981753384225461
0.020741738524951366
0.029605849432438668
0.020415952438030627
0.021520560571500126
0.02913988450802153
0.022781042074638297
0.02358539784168046
0.022704241768819192
0.021542628458493668
0.025653096432697576
0.021040110183809215
0.025427658622051968
0.02538348060532028
0.02574879702524513
0.022680375384185453
0.024404633273635134
0.02644694839778159
0.022666155229128335
0.023035139054224787
0.025244221223811217
0.025929242609965573
0.025409904311403206
0.021413656466222
0.022076971330140537
0.0244765345823048
0.023302070518885366
0.02670286065051175
0.020800831913053767
0.022524468728751752
0.02335507437912089
0.021185517266401676
0.025149851370773475
0.023077343615994422
0.02640750469613046
0.02373558803344078
0.02301764645034952
0.020537389578424527
0.023130828232466986
0.02342797164890991
